%YAML:1.0
---
# Face tracker type: 0(Unknown) 1(ASM) 2(MT)
TrackerType: 1
ImageSize: [ 4096, 2048 ]
# Face feature points in image space. Invalid points have zero coordinates
Point2f: !!opencv-matrix
   rows: 1
   cols: 77
   dt: "2f"
   data: [ 1.56112585e+03, 6.59911133e+02, 1.55970374e+03,
       8.19200012e+02, 1.59241479e+03, 9.72800049e+02, 1.64503699e+03,
       1.14062219e+03, 1.75312585e+03, 1.26862219e+03, 1.88586670e+03,
       1408., 2.00817786e+03, 1.44782227e+03, 2.13048901e+03,
       1.42506665e+03, 2.25943701e+03, 1.31128894e+03, 2.36752588e+03,
       1.14915564e+03, 2.42014819e+03, 9.98400024e+02, 2.45285938e+03,
       8.33422241e+02, 2.45143701e+03, 6.54222229e+02, 2.21297778e+03,
       2.21866669e+02, 1.99680005e+03, 1.82044449e+02, 1.78062231e+03,
       2.24711121e+02, 1.81191113e+03, 4.80711121e+02, 1.70382227e+03,
       4.72177795e+02, 1.62133337e+03, 5.57511108e+02, 1.70951111e+03,
       5.31911133e+02, 1.80622229e+03, 5.40444458e+02, 1.91146667e+03,
       5.46133362e+02, 2.10204443e+03, 5.43288879e+02, 2.20444458e+03,
       4.80711121e+02, 2.31822217e+03, 4.72177795e+02, 2.41777783e+03,
       5.54666687e+02, 2.31537793e+03, 5.29066650e+02, 2.21297778e+03,
       5.37600037e+02, 2.22435571e+03, 5.88799988e+02, 1.78915564e+03,
       5.91644470e+02, 1.87733337e+03, 6.68444458e+02, 1.83466675e+03,
       6.37155579e+02, 1.78915564e+03, 6.25777771e+02, 1.74933337e+03,
       6.37155579e+02, 1.70951111e+03, 6.68444458e+02, 1.75217786e+03,
       6.94044434e+02, 1792., 7.05422241e+02, 1.83466675e+03,
       6.94044434e+02, 1.78346667e+03, 6.59911133e+02, 2.21582227e+03,
       6.57066711e+02, 2.14186670e+03, 6.71288879e+02, 2.18453345e+03,
       6.37155579e+02, 2.22719995e+03, 6.22933350e+02, 2.26986670e+03,
       6.34311096e+02, 2.31537793e+03, 6.65600037e+02, 2.27271118e+03,
       6.94044434e+02, 2.23004443e+03, 7.05422241e+02, 2.18453345e+03,
       6.96888916e+02, 2.08213330e+03, 8.30577820e+02, 2.01386670e+03,
       8.24888916e+02, 1.94844446e+03, 8.19200012e+02, 1.94275562e+03,
       9.44355591e+02, 1.99964453e+03, 9.04533325e+02, 2.07075562e+03,
       9.47200012e+02, 2.13333350e+03, 8.93155579e+02, 2.10773340e+03,
       9.67111145e+02, 2.00533337e+03, 9.84177795e+02, 1920.,
       9.64266663e+02, 1.89440002e+03, 8.90311157e+02, 1.88302222e+03,
       1.12640002e+03, 1.92284448e+03, 1.07520007e+03, 1.97404443e+03,
       1.05244446e+03, 2.00533337e+03, 1.06382227e+03, 2.04515564e+03,
       1.05528894e+03, 2.09919995e+03, 1.08373340e+03, 2.15324438e+03,
       1.14062219e+03, 2.07360010e+03, 1.12924451e+03, 2.00817786e+03,
       1.12071118e+03, 1.94844446e+03, 1.12355554e+03, 1.94844446e+03,
       1.14346667e+03, 2.00817786e+03, 1.16337781e+03, 2.07360010e+03,
       1152., 2.12764453e+03, 1.20035559e+03, 2.07644458e+03,
       1.23448889e+03, 2.00817786e+03, 1.24302222e+03, 1.94844446e+03,
       1.22880005e+03, 1.90577783e+03, 1.18613342e+03 ]
# Face feature points in 3d object space. Invalid points have zero coordinates
Point3f: !!opencv-matrix
   rows: 1
   cols: 77
   dt: "3f"
   data: [ -5.77909966e+01, 4.17988281e+01, 3.80278511e+01,
       -6.16313324e+01, 1.97132397e+01, 3.92027931e+01, -5.81261826e+01,
       -1.48186100e+00, 3.95073662e+01, -5.12178307e+01, -2.46033649e+01,
       3.95460930e+01, -3.76923561e+01, -4.26481781e+01, 4.29128914e+01,
       -2.14251823e+01, -6.23897972e+01, 4.73348961e+01, -3.86193109e+00,
       -6.52076111e+01, 2.56097012e+01, 9.91419220e+00, -6.39221230e+01,
       4.06685143e+01, 2.41179695e+01, -4.77272034e+01, 3.64126663e+01,
       3.80605583e+01, -2.56766319e+01, 3.87140236e+01, 4.47744446e+01,
       -5.02294588e+00, 3.96279411e+01, 4.91344795e+01, 1.74922638e+01,
       4.13360252e+01, 4.60723915e+01, 4.22949219e+01, 4.03695526e+01,
       1.56562614e+01, 1.01471466e+02, 4.34520187e+01, -4.89584732e+00,
       1.06671883e+02, 4.57724571e+01, -2.66364403e+01, 1.00997566e+02,
       4.41206169e+01, -3.05965748e+01, 6.38821678e+01, 5.92085075e+01,
       -4.28107109e+01, 6.59358139e+01, 5.20559425e+01, -5.28161430e+01,
       5.49139595e+01, 4.60908432e+01, -4.32998505e+01, 5.75435982e+01,
       5.33934288e+01, -3.09522057e+01, 5.59183235e+01, 5.70571060e+01,
       -1.78492184e+01, 5.46124954e+01, 6.13101692e+01, 6.91365671e+00,
       5.50924072e+01, 6.05925789e+01, 1.98919315e+01, 6.38171654e+01,
       5.97378578e+01, 3.27151146e+01, 6.58210144e+01, 5.29909058e+01,
       4.31881447e+01, 5.54266319e+01, 4.51064377e+01, 3.32955475e+01,
       5.78302040e+01, 5.42502365e+01, 2.08140869e+01, 5.61960144e+01,
       5.79865303e+01, 2.25495758e+01, 4.91471596e+01, 5.79562645e+01,
       -3.35781136e+01, 4.89118576e+01, 5.66816864e+01, -2.10885773e+01,
       3.86572151e+01, 5.40412064e+01, -2.69205551e+01, 4.28297691e+01,
       5.51597939e+01, -3.37830696e+01, 4.42204094e+01, 5.65980797e+01,
       -3.89877472e+01, 4.28597488e+01, 5.49155655e+01, -4.24016991e+01,
       3.92075806e+01, 4.95588036e+01, -3.79848595e+01, 3.52836151e+01,
       5.27976532e+01, -3.29222565e+01, 3.35445557e+01, 5.41969910e+01,
       -2.65316143e+01, 3.52495995e+01, 5.30746918e+01, -3.44571915e+01,
       3.96326675e+01, 5.56698761e+01, 2.11930656e+01, 3.99826317e+01,
       5.60106735e+01, 1.13014765e+01, 3.83636856e+01, 5.32407799e+01,
       1.71859798e+01, 4.26410866e+01, 5.66965599e+01, 2.29747219e+01,
       4.44968681e+01, 5.75374985e+01, 2.83635693e+01, 4.31193810e+01,
       5.59921532e+01, 3.29725609e+01, 3.93931999e+01, 5.12380486e+01,
       2.80301933e+01, 3.52604523e+01, 5.29862709e+01, 2.27648869e+01,
       3.35556221e+01, 5.41069298e+01, 1.65892754e+01, 3.48774033e+01,
       5.29149055e+01, 4.67150927e+00, 1.53841782e+01, 6.16960144e+01,
       -5.23411894e+00, 1.48478622e+01, 7.24460602e+01, -1.42098446e+01,
       1.65399647e+01, 6.50470123e+01, -1.52544699e+01, -6.07286274e-01,
       6.42947998e+01, -7.61687183e+00, 3.72030401e+00, 7.37239227e+01,
       3.24669981e+00, -9.08859730e-01, 6.35599594e+01, 1.10490427e+01,
       7.52756214e+00, 5.54803276e+01, 8.11436653e+00, -3.04223633e+00,
       5.85976105e+01, -6.04978848e+00, -5.84491825e+00, 6.22774467e+01,
       -1.77707767e+01, -2.78198099e+00, 5.96690674e+01, -2.07999821e+01,
       7.58300114e+00, 5.82198677e+01, -2.34555988e+01, -2.49487152e+01,
       5.83138695e+01, -1.83462868e+01, -1.84502697e+01, 6.28268547e+01,
       -1.10259933e+01, -1.56536713e+01, 6.55786285e+01, -6.43697500e+00,
       -1.73725643e+01, 6.68137207e+01, -4.24071193e-01, -1.60902557e+01,
       6.59433212e+01, 7.40104723e+00, -1.95662937e+01, 6.23429909e+01,
       1.42257166e+01, -2.64707813e+01, 5.47549667e+01, 3.67785907e+00,
       -2.56895542e+01, 6.11564713e+01, -5.88996315e+00, -2.48596878e+01,
       6.39708633e+01, -1.45003996e+01, -2.49910469e+01, 6.18495941e+01,
       -1.46738224e+01, -2.78302841e+01, 6.26361961e+01, -5.97298813e+00,
       -3.08149776e+01, 6.46072845e+01, 3.73321486e+00, -2.89491749e+01,
       6.21757469e+01, 1.07671566e+01, -3.46182861e+01, 5.40994148e+01,
       3.95104456e+00, -3.95916977e+01, 5.63121223e+01, -5.59387970e+00,
       -4.08672981e+01, 5.71280670e+01, -1.42326641e+01, -3.90606880e+01,
       5.83694878e+01, -2.04578705e+01, -3.32474823e+01, 5.88902092e+01 ]
